{
 "cells": [
  {
   "cell_type": "markdown",
   "metadata": {},
   "source": [
    "# Лабораторная работа №1\n",
    "## Выполнил студент группы бПМ2 Серебряков Егор Николаевич\n",
    "### Задание №1\n",
    "вариант 15 (вариант это же номер в списке группы?)"
   ]
  },
  {
   "cell_type": "code",
   "execution_count": 49,
   "metadata": {},
   "outputs": [
    {
     "name": "stdout",
     "output_type": "stream",
     "text": [
      "Hello, world!\n"
     ]
    }
   ],
   "source": [
    "print('Hello, world!')"
   ]
  },
  {
   "cell_type": "markdown",
   "metadata": {},
   "source": [
    "### Задание №2\n",
    "генератор случайных матриц"
   ]
  },
  {
   "cell_type": "code",
   "execution_count": 17,
   "metadata": {},
   "outputs": [
    {
     "name": "stdout",
     "output_type": "stream",
     "text": [
      "import height or blank\n",
      "\n",
      "import lenght or blank\n",
      "\n",
      "import min value or blank\n",
      "\n",
      "import max value or blank\n",
      "\n",
      "[[ -32  585  256 ...  857  384  -44]\n",
      " [ 479 1003   18 ...  694  121  464]\n",
      " [ 987  319   49 ...   44  618  457]\n",
      " ...\n",
      " [-166  381  134 ...  513  998  855]\n",
      " [  23  863  919 ... -108  432  407]\n",
      " [ 209  367    1 ...  -39  517 -228]]\n"
     ]
    }
   ],
   "source": [
    "import numpy as np\n",
    "\n",
    "def mat_gen():\n",
    "    while True:\n",
    "        print('import height or blank')\n",
    "        m = input()\n",
    "        if m.isspace() or m =='':\n",
    "            m = 50\n",
    "\n",
    "        m = int(m)\n",
    "        if m < 0:\n",
    "            print('import natural value!')\n",
    "        else:\n",
    "            break\n",
    "\n",
    "    while True:\n",
    "        print('import lenght or blank')\n",
    "        n = input()\n",
    "        if n.isspace() or n =='':\n",
    "            n = 50\n",
    "\n",
    "        n = int(n)\n",
    "        if n < 0:\n",
    "            print('import natural value!')\n",
    "        else:\n",
    "            break\n",
    "\n",
    "    while True:\n",
    "        print('import min value or blank')\n",
    "        min_limit = input()\n",
    "        if min_limit.isspace() or min_limit =='':\n",
    "            min_limit = -250\n",
    "\n",
    "        min_limit = int(min_limit)\n",
    "\n",
    "        print('import max value or blank')\n",
    "        max_limit = input()\n",
    "        if max_limit.isspace() or max_limit =='':\n",
    "            max_limit = 1000 + 15\n",
    "\n",
    "        max_limit = int(max_limit)\n",
    "        if max_limit - min_limit < 0:\n",
    "            print('the segment is degenerate')\n",
    "        else:\n",
    "            break \n",
    "\n",
    "    return np.random.randint(min_limit, max_limit+1, (m, n))\n",
    "\n",
    "showcase_mat = mat_gen()\n",
    "print(showcase_mat)"
   ]
  },
  {
   "cell_type": "code",
   "execution_count": 8,
   "metadata": {},
   "outputs": [
    {
     "name": "stdout",
     "output_type": "stream",
     "text": [
      "import height or blank\n",
      "\n",
      "import lenght or blank\n",
      "\n",
      "import min value or blank\n",
      "\n",
      "import max value or blank\n",
      "\n",
      "before sorting\n",
      "[[ 132  578  834  730   43  -68   61  602   98  134   86  801    5  284\n",
      "   995 -166 -231  890  107  230]\n",
      " [  84  579  498  592  -75  169  481  447 -191 -205  607  241 -135  380\n",
      "  -142  739  869 -110  -64 -202]\n",
      " [ 191  -44  -43   12  841  179  -38  712  197 -241  310  841  662  100\n",
      "   852  535  879 1011 1003  971]\n",
      " [ 263 -112  -93  961  209  679    2  888  489  660   30  133  399  467\n",
      "   281  638  304 -138  872  761]\n",
      " [ 556  284  232  849  -27  802  -13  -77 -121  -49  284  591  805  775\n",
      "   364  748  248  264  158  371]\n",
      " [ 268  520  909  309  257  508 -189  692  648 -167  387  620  468   51\n",
      "   967  753  735  -39  468  166]\n",
      " [  43  755 -193  525 -224  980 -151  327  835 -131  722   99  753  651\n",
      "    28  373  -79  153  265  994]]\n",
      "after sorting\n",
      "[[-231 -166  -68    5   43   61   86   98  107  132  134  230  284  578\n",
      "   602  730  801  834  890  995]\n",
      " [-205 -202 -191 -142 -135 -110  -75  -64   84  169  241  380  447  481\n",
      "   498  579  592  607  739  869]\n",
      " [-241  -44  -43  -38   12  100  179  191  197  310  535  662  712  841\n",
      "   841  852  879  971 1003 1011]\n",
      " [-138 -112  -93    2   30  133  209  263  281  304  399  467  489  638\n",
      "   660  679  761  872  888  961]\n",
      " [-121  -77  -49  -27  -13  158  232  248  264  284  284  364  371  556\n",
      "   591  748  775  802  805  849]\n",
      " [-189 -167  -39   51  166  257  268  309  387  468  468  508  520  620\n",
      "   648  692  735  753  909  967]\n",
      " [-224 -193 -151 -131  -79   28   43   99  153  265  327  373  525  651\n",
      "   722  753  755  835  980  994]]\n"
     ]
    }
   ],
   "source": [
    "#сортировка выбором\n",
    "\n",
    "mat = mat_gen()\n",
    "print('before sorting')\n",
    "print(mat)\n",
    "\n",
    "def vblbor(mat):\n",
    "    for i in range(np.ma.size(mat, 0)):\n",
    "        for j in range(np.ma.size(mat, 1)):\n",
    "            mat[i, [j, np.argmin((mat[i, j:])) + j]] = mat[i, [np.argmin((mat[i, j:])) + j, j]]\n",
    "\n",
    "            \n",
    "print('after sorting')\n",
    "vblbor(mat)\n",
    "print(mat)"
   ]
  },
  {
   "cell_type": "code",
   "execution_count": 9,
   "metadata": {},
   "outputs": [
    {
     "name": "stdout",
     "output_type": "stream",
     "text": [
      "import height or blank\n",
      "\n",
      "import lenght or blank\n",
      "\n",
      "import min value or blank\n",
      "\n",
      "import max value or blank\n",
      "\n",
      "before sorting\n",
      "[[ 908  362  873  146  953   14  354  694 1013  154  620   11  986  429\n",
      "   447  -13   72 -224  149 -123]\n",
      " [ -55  113  715  465  374  384  120 -227  208  323  176  -60 -176  118\n",
      "   320  294  634  155  481   73]\n",
      " [ 620  589  546  167  878   72  871  249  454  368    0  670 -124  600\n",
      "   776 -116  207  -60   22  105]\n",
      " [-126  158 1011  280  425  150  312  587  190  291  669  -27  266  360\n",
      "   399   66  744  877  395  235]\n",
      " [ 370  673  663  652  544  195  442  498  438  187  790  247  852  401\n",
      "   531  576  -57 1003 -212  349]\n",
      " [ 725 -128  653  878  694  416  842  677  -64  861  887 -221  -66  650\n",
      "  -241  683  714  797  305  617]\n",
      " [ 163  808  987  359  199  152  833  602  -32 1005   54  116  268 -154\n",
      "   732  846  765   24   56  604]]\n",
      "after sorting\n",
      "[[-224 -123  -13   11   14   72  146  149  154  354  362  429  447  620\n",
      "   694  873  908  953  986 1013]\n",
      " [-227 -176  -60  -55   73  113  118  120  155  176  208  294  320  323\n",
      "   374  384  465  481  634  715]\n",
      " [-124 -116  -60    0   22   72  105  167  207  249  368  454  546  589\n",
      "   600  620  670  776  871  878]\n",
      " [-126  -27   66  150  158  190  235  266  280  291  312  360  395  399\n",
      "   425  587  669  744  877 1011]\n",
      " [-212  -57  187  195  247  349  370  401  438  442  498  531  544  576\n",
      "   652  663  673  790  852 1003]\n",
      " [-241 -221 -128  -66  -64  305  416  617  650  653  677  683  694  714\n",
      "   725  797  842  861  878  887]\n",
      " [-154  -32   24   54   56  116  152  163  199  268  359  602  604  732\n",
      "   765  808  833  846  987 1005]]\n"
     ]
    }
   ],
   "source": [
    "#сортировка вставкой\n",
    "\n",
    "mat = mat_gen()\n",
    "print('before sorting')\n",
    "print(mat)\n",
    "\n",
    "def vstavka(mat):\n",
    "    for i in range(np.ma.size(mat, 0)):\n",
    "        for j in range(1, np.ma.size(mat, 1)):\n",
    "            key = mat[i, j]\n",
    "            k = 1\n",
    "            while True:\n",
    "                if k <= j and key < mat[i, j - k]:\n",
    "                    key = 0\n",
    "                    mat[i, j - k +1], mat[i, j - k] = mat[i, j - k], mat[i, j - k + 1]\n",
    "                    key = mat[i, j - k]\n",
    "                    k += 1\n",
    "                else: \n",
    "                    break\n",
    "\n",
    "\n",
    "print('after sorting')\n",
    "vstavka(mat)\n",
    "print(mat)            \n",
    "    "
   ]
  },
  {
   "cell_type": "code",
   "execution_count": 10,
   "metadata": {},
   "outputs": [
    {
     "name": "stdout",
     "output_type": "stream",
     "text": [
      "import height or blank\n",
      "\n",
      "import lenght or blank\n",
      "\n",
      "import min value or blank\n",
      "\n",
      "import max value or blank\n",
      "\n",
      "before sorting\n",
      "[[ 960  638  799  222  -68   10   42  692 -184  655    2   76  260 -131\n",
      "   461   85 -170  851  179 -122]\n",
      " [ 753 -235  597  788  878  511  229 -248  -17  356   41  885  -66  730\n",
      "  -219 -221  876 -207  511  450]\n",
      " [-212   19  885  813  614  -24  980  907  864  323 -142  214  859  297\n",
      "   410  569  422  953    0  760]\n",
      " [ 385  693  256  368 -129  124  273  402  776   59  188  843 -137  297\n",
      "   446  994  805  688  384   34]\n",
      " [ 154  598  199  548  501  990  133  312  644  177  522  872  220  -60\n",
      "  -167  657  511 -170  556  361]\n",
      " [ 697  156  631  -20   81  641 -188  914  437 -171  298  891  630  658\n",
      "   908  269  992  491  394  607]\n",
      " [-153  -64  671  672  593  198  -35  892   47  669  504  372 -216  972\n",
      "   389  643  -26  814  800 -217]]\n",
      "after sorting\n",
      "[[-184 -170 -131 -122  -68    2   10   42   76   85  179  222  260  461\n",
      "   638  655  692  799  851  960]\n",
      " [-248 -235 -221 -219 -207  -66  -17   41  229  356  450  511  511  597\n",
      "   730  753  788  876  878  885]\n",
      " [-212 -142  -24    0   19  214  297  323  410  422  569  614  760  813\n",
      "   859  864  885  907  953  980]\n",
      " [-137 -129   34   59  124  188  256  273  297  368  384  385  402  446\n",
      "   688  693  776  805  843  994]\n",
      " [-170 -167  -60  133  154  177  199  220  312  361  501  511  522  548\n",
      "   556  598  644  657  872  990]\n",
      " [-188 -171  -20   81  156  269  298  394  437  491  607  630  631  641\n",
      "   658  697  891  908  914  992]\n",
      " [-217 -216 -153  -64  -35  -26   47  198  372  389  504  593  643  669\n",
      "   671  672  800  814  892  972]]\n"
     ]
    }
   ],
   "source": [
    "#сортировка обменом\n",
    "\n",
    "mat = mat_gen()\n",
    "print('before sorting')\n",
    "print(mat)\n",
    "\n",
    "def obmen(mat):\n",
    "    for i in range(np.ma.size(mat, 0)):\n",
    "        while True:\n",
    "            count = 0\n",
    "            for j in range(0, np.ma.size(mat, 1)-1):\n",
    "                if mat[i, j+1] < mat[i, j]:\n",
    "                    mat[i, j+1], mat[i, j] =mat[i, j], mat[i, j+1]\n",
    "                    count += 1 \n",
    "            if count == 0:\n",
    "                break\n",
    "                \n",
    "\n",
    "\n",
    "print('after sorting')\n",
    "obmen(mat)\n",
    "print(mat)"
   ]
  },
  {
   "cell_type": "code",
   "execution_count": 11,
   "metadata": {
    "scrolled": true
   },
   "outputs": [
    {
     "name": "stdout",
     "output_type": "stream",
     "text": [
      "before sorting\n",
      "[[-184 -170 -131 -122  -68    2   10   42   76   85  179  222  260  461\n",
      "   638  655  692  799  851  960]\n",
      " [-248 -235 -221 -219 -207  -66  -17   41  229  356  450  511  511  597\n",
      "   730  753  788  876  878  885]\n",
      " [-212 -142  -24    0   19  214  297  323  410  422  569  614  760  813\n",
      "   859  864  885  907  953  980]\n",
      " [-137 -129   34   59  124  188  256  273  297  368  384  385  402  446\n",
      "   688  693  776  805  843  994]\n",
      " [-170 -167  -60  133  154  177  199  220  312  361  501  511  522  548\n",
      "   556  598  644  657  872  990]\n",
      " [-188 -171  -20   81  156  269  298  394  437  491  607  630  631  641\n",
      "   658  697  891  908  914  992]\n",
      " [-217 -216 -153  -64  -35  -26   47  198  372  389  504  593  643  669\n",
      "   671  672  800  814  892  972]]\n",
      "import height or blank\n",
      "\n",
      "import lenght or blank\n",
      "\n",
      "import min value or blank\n",
      "\n",
      "import max value or blank\n",
      "\n",
      "after sorting\n",
      "[[-211 -186 -133 -107  -82  -64   43  213  215  342  439  509  631  691\n",
      "   695  701  821  860  887  956]\n",
      " [-188 -106  -45    3   75  279  309  369  374  378  388  464  534  540\n",
      "   586  588  721  759  865  952]\n",
      " [-171 -139 -125   59   90  151  193  211  217  226  487  564  647  673\n",
      "   702  718  741  775  791  895]\n",
      " [-102    3   37   73  148  168  232  363  395  470  516  646  663  670\n",
      "   677  737  804  881  883  961]\n",
      " [-153  133  179  183  220  297  336  346  397  470  571  718  731  738\n",
      "   745  796  860  873  909  976]\n",
      " [-124  -81   34  104  120  149  217  307  339  360  373  465  566  587\n",
      "   670  707  775  882  899  984]\n",
      " [-241 -239 -193   46   57  153  200  284  292  307  350  575  595  659\n",
      "   768  779  790  821  902  912]]\n"
     ]
    }
   ],
   "source": [
    "#сортировка Шелла\n",
    "\n",
    "print('before sorting')\n",
    "print(mat)\n",
    "mat = mat_gen()\n",
    "\n",
    "def schell(mat):\n",
    "    sort_sequence = [1, 4, 10, 23, 57, 132]\n",
    "    s = 0\n",
    "    while sort_sequence[s] < np.ma.size(mat, 1):\n",
    "        s += 1\n",
    "\n",
    "    for i in range(np.ma.size(mat, 0)):\n",
    "\n",
    "        for y in range(s, -1, -1):\n",
    "            d = sort_sequence[y]\n",
    "\n",
    "            for j in range(1, np.ma.size(mat, 1)):\n",
    "                key = mat[i, j]\n",
    "                k = d\n",
    "\n",
    "                while True:\n",
    "                    if k <= j and key < mat[i, j - k]:\n",
    "                        key = 0\n",
    "                        mat[i, j - k +1], mat[i, j - k] = mat[i, j - k], mat[i, j - k + 1]\n",
    "                        key = mat[i, j - k]\n",
    "                        k += 1\n",
    "                    else: \n",
    "                        break\n",
    "    \n",
    "    \n",
    "    \n",
    "    \n",
    "print('after sorting')\n",
    "schell(mat)\n",
    "print(mat)\n"
   ]
  },
  {
   "cell_type": "code",
   "execution_count": 13,
   "metadata": {},
   "outputs": [
    {
     "name": "stdout",
     "output_type": "stream",
     "text": [
      "import height or blank\n",
      "\n",
      "import lenght or blank\n",
      "\n",
      "import min value or blank\n",
      "\n",
      "import max value or blank\n",
      "\n",
      "before sorting\n",
      "[[  49  640  503  725  786  349  540  719  371  -58  178  -76  261  449\n",
      "   546  138  971   23 -134  664]\n",
      " [ -73  757  512  -60  194   19  578  182  107  824 -117  387  677  -12\n",
      "   298  976  978  307  512  975]\n",
      " [-116  508  -23  154  653  131    7  256  781  634    4  786  618 1009\n",
      "   267  254  491  920  832  349]\n",
      " [ 713  745  382  371  981  843  629  597  394  592  540  246  988  -77\n",
      "  -203 -137 1005  635  244  986]\n",
      " [ 820  495  227  172  -80  829 -146  518 -108  -56  979  535  808  256\n",
      "   794 -220 -237  947  166  962]\n",
      " [-143  849  364  154  190  576  433  629  -66 -114 -156 1009   37  662\n",
      "  -100  -21  688   18  249 -132]\n",
      " [ 725  -66  468  -66  421  362  -20  296  231  728  394  271 -135  149\n",
      "  -168   66   -5  752  454  154]]\n"
     ]
    },
    {
     "ename": "IndexError",
     "evalue": "list index out of range",
     "output_type": "error",
     "traceback": [
      "\u001b[1;31m---------------------------------------------------------------------------\u001b[0m",
      "\u001b[1;31mIndexError\u001b[0m                                Traceback (most recent call last)",
      "\u001b[1;32m<ipython-input-13-326dca2eccf6>\u001b[0m in \u001b[0;36m<module>\u001b[1;34m\u001b[0m\n\u001b[0;32m     61\u001b[0m         \u001b[0mtournament\u001b[0m\u001b[1;33m(\u001b[0m\u001b[0mmat\u001b[0m\u001b[1;33m[\u001b[0m\u001b[0mi\u001b[0m\u001b[1;33m,\u001b[0m \u001b[1;33m:\u001b[0m\u001b[1;33m]\u001b[0m\u001b[1;33m)\u001b[0m\u001b[1;33m\u001b[0m\u001b[1;33m\u001b[0m\u001b[0m\n\u001b[0;32m     62\u001b[0m \u001b[1;33m\u001b[0m\u001b[0m\n\u001b[1;32m---> 63\u001b[1;33m \u001b[0mtournament_2d\u001b[0m\u001b[1;33m(\u001b[0m\u001b[0mmat\u001b[0m\u001b[1;33m)\u001b[0m\u001b[1;33m\u001b[0m\u001b[1;33m\u001b[0m\u001b[0m\n\u001b[0m\u001b[0;32m     64\u001b[0m \u001b[0mprint\u001b[0m\u001b[1;33m(\u001b[0m\u001b[1;34m'after sorting'\u001b[0m\u001b[1;33m)\u001b[0m\u001b[1;33m\u001b[0m\u001b[1;33m\u001b[0m\u001b[0m\n\u001b[0;32m     65\u001b[0m \u001b[0mprint\u001b[0m\u001b[1;33m(\u001b[0m\u001b[0mmat\u001b[0m\u001b[1;33m)\u001b[0m\u001b[1;33m\u001b[0m\u001b[1;33m\u001b[0m\u001b[0m\n",
      "\u001b[1;32m<ipython-input-13-326dca2eccf6>\u001b[0m in \u001b[0;36mtournament_2d\u001b[1;34m(mat)\u001b[0m\n\u001b[0;32m     59\u001b[0m \u001b[1;32mdef\u001b[0m \u001b[0mtournament_2d\u001b[0m\u001b[1;33m(\u001b[0m\u001b[0mmat\u001b[0m\u001b[1;33m)\u001b[0m\u001b[1;33m:\u001b[0m\u001b[1;33m\u001b[0m\u001b[1;33m\u001b[0m\u001b[0m\n\u001b[0;32m     60\u001b[0m     \u001b[1;32mfor\u001b[0m \u001b[0mi\u001b[0m \u001b[1;32min\u001b[0m \u001b[0mrange\u001b[0m\u001b[1;33m(\u001b[0m\u001b[0mnp\u001b[0m\u001b[1;33m.\u001b[0m\u001b[0mma\u001b[0m\u001b[1;33m.\u001b[0m\u001b[0msize\u001b[0m\u001b[1;33m(\u001b[0m\u001b[0mmat\u001b[0m\u001b[1;33m,\u001b[0m \u001b[1;36m0\u001b[0m\u001b[1;33m)\u001b[0m\u001b[1;33m)\u001b[0m\u001b[1;33m:\u001b[0m\u001b[1;33m\u001b[0m\u001b[1;33m\u001b[0m\u001b[0m\n\u001b[1;32m---> 61\u001b[1;33m         \u001b[0mtournament\u001b[0m\u001b[1;33m(\u001b[0m\u001b[0mmat\u001b[0m\u001b[1;33m[\u001b[0m\u001b[0mi\u001b[0m\u001b[1;33m,\u001b[0m \u001b[1;33m:\u001b[0m\u001b[1;33m]\u001b[0m\u001b[1;33m)\u001b[0m\u001b[1;33m\u001b[0m\u001b[1;33m\u001b[0m\u001b[0m\n\u001b[0m\u001b[0;32m     62\u001b[0m \u001b[1;33m\u001b[0m\u001b[0m\n\u001b[0;32m     63\u001b[0m \u001b[0mtournament_2d\u001b[0m\u001b[1;33m(\u001b[0m\u001b[0mmat\u001b[0m\u001b[1;33m)\u001b[0m\u001b[1;33m\u001b[0m\u001b[1;33m\u001b[0m\u001b[0m\n",
      "\u001b[1;32m<ipython-input-13-326dca2eccf6>\u001b[0m in \u001b[0;36mtournament\u001b[1;34m(arr)\u001b[0m\n\u001b[0;32m     12\u001b[0m         \u001b[1;32mreturn\u001b[0m \u001b[0mnp\u001b[0m\u001b[1;33m.\u001b[0m\u001b[0marray\u001b[0m\u001b[1;33m(\u001b[0m\u001b[0msmall_tournament\u001b[0m\u001b[1;33m(\u001b[0m\u001b[0ma\u001b[0m\u001b[1;33m)\u001b[0m\u001b[1;33m)\u001b[0m\u001b[1;33m\u001b[0m\u001b[1;33m\u001b[0m\u001b[0m\n\u001b[0;32m     13\u001b[0m     \u001b[1;32melse\u001b[0m\u001b[1;33m:\u001b[0m\u001b[1;33m\u001b[0m\u001b[1;33m\u001b[0m\u001b[0m\n\u001b[1;32m---> 14\u001b[1;33m         \u001b[1;32mreturn\u001b[0m \u001b[0mnp\u001b[0m\u001b[1;33m.\u001b[0m\u001b[0marray\u001b[0m\u001b[1;33m(\u001b[0m\u001b[0mbracketsize\u001b[0m\u001b[1;33m(\u001b[0m\u001b[0ma\u001b[0m\u001b[1;33m)\u001b[0m\u001b[1;33m)\u001b[0m\u001b[1;33m\u001b[0m\u001b[1;33m\u001b[0m\u001b[0m\n\u001b[0m\u001b[0;32m     15\u001b[0m \u001b[1;33m\u001b[0m\u001b[0m\n\u001b[0;32m     16\u001b[0m \u001b[1;32mdef\u001b[0m \u001b[0mbracketsize\u001b[0m\u001b[1;33m(\u001b[0m\u001b[0ma\u001b[0m\u001b[1;33m)\u001b[0m\u001b[1;33m:\u001b[0m\u001b[1;33m\u001b[0m\u001b[1;33m\u001b[0m\u001b[0m\n",
      "\u001b[1;32m<ipython-input-13-326dca2eccf6>\u001b[0m in \u001b[0;36mbracketsize\u001b[1;34m(a)\u001b[0m\n\u001b[0;32m     21\u001b[0m \u001b[1;33m\u001b[0m\u001b[0m\n\u001b[0;32m     22\u001b[0m     \u001b[1;32mfor\u001b[0m \u001b[0mi\u001b[0m \u001b[1;32min\u001b[0m \u001b[0mrange\u001b[0m\u001b[1;33m(\u001b[0m\u001b[0mlenght\u001b[0m\u001b[1;33m)\u001b[0m\u001b[1;33m:\u001b[0m\u001b[1;33m\u001b[0m\u001b[1;33m\u001b[0m\u001b[0m\n\u001b[1;32m---> 23\u001b[1;33m         \u001b[0mqueue\u001b[0m\u001b[1;33m.\u001b[0m\u001b[0mappend\u001b[0m\u001b[1;33m(\u001b[0m\u001b[0ma\u001b[0m\u001b[1;33m[\u001b[0m\u001b[0mi\u001b[0m\u001b[1;33m]\u001b[0m\u001b[1;33m)\u001b[0m\u001b[1;33m\u001b[0m\u001b[1;33m\u001b[0m\u001b[0m\n\u001b[0m\u001b[0;32m     24\u001b[0m         \u001b[0ma\u001b[0m\u001b[1;33m.\u001b[0m\u001b[0mpop\u001b[0m\u001b[1;33m(\u001b[0m\u001b[0mi\u001b[0m\u001b[1;33m)\u001b[0m\u001b[1;33m\u001b[0m\u001b[1;33m\u001b[0m\u001b[0m\n\u001b[0;32m     25\u001b[0m \u001b[1;33m\u001b[0m\u001b[0m\n",
      "\u001b[1;31mIndexError\u001b[0m: list index out of range"
     ]
    }
   ],
   "source": [
    "#турнирная\n",
    "\n",
    "mat = mat_gen()\n",
    "print('before sorting')\n",
    "print(mat)\n",
    "\n",
    "queue_lenght = 16\n",
    "\n",
    "def tournament(arr):\n",
    "    a = [i for i in arr]\n",
    "    if len(a) <= queue_lenght:\n",
    "        return np.array(small_tournament(a))\n",
    "    else:\n",
    "        return np.array(bracketsize(a))\n",
    "\n",
    "def bracketsize(a):\n",
    "    lenght = len(a)\n",
    "    queue = []\n",
    "    winners = []\n",
    "    losers = []\n",
    "    \n",
    "    for i in range(lenght):\n",
    "        queue.append(a[i])\n",
    "        a.pop(i)\n",
    "        \n",
    "    while len(a) > 0:\n",
    "        if not winners:\n",
    "            winners.append(queue[0])\n",
    "            queue.pop(0)\n",
    "            \n",
    "        if a[0] > winners[len(winners)]:\n",
    "            queue.append(a[0])\n",
    "            a.pop(0)\n",
    "        else:\n",
    "            losers.append(a[0])\n",
    "            a.pop(0)\n",
    "        \n",
    "        if queue:\n",
    "            winners.append(queue[0])\n",
    "            queue.pop(0)\n",
    "            \n",
    "    while queue:\n",
    "        winners.append(queue[0])\n",
    "        queue.pop(0)\n",
    "    if not losers:\n",
    "        return winners\n",
    "    else:\n",
    "        a = losers + winners\n",
    "        while len(a) > lenght:\n",
    "            a.pop()\n",
    "        bracketsize(a)\n",
    "    \n",
    "def small_tournament(a):\n",
    "    arr = np.sort(np.array(a))\n",
    "    a = [i for i in arr]\n",
    "\n",
    "\n",
    "    \n",
    "def tournament_2d(mat):\n",
    "    for i in range(np.ma.size(mat, 0)):\n",
    "        tournament(mat[i, :])\n",
    "        \n",
    "tournament_2d(mat)\n",
    "print('after sorting')\n",
    "print(mat)"
   ]
  },
  {
   "cell_type": "code",
   "execution_count": 14,
   "metadata": {},
   "outputs": [
    {
     "name": "stdout",
     "output_type": "stream",
     "text": [
      "import height or blank\n",
      "\n",
      "import lenght or blank\n",
      "\n",
      "import min value or blank\n",
      "\n",
      "import max value or blank\n",
      "\n",
      "before sorting\n",
      "[[ 764  648  608  854  287 -182  368  804  502  -69   39  820  221 1011\n",
      "   397  747 -107  574 -221  582]\n",
      " [ 733   -6  262  315  282  447  449  124  149  260  410  442   46  382\n",
      "  -212  550  656  794  196  463]\n",
      " [ 454  -25  769  515  719  816 -249 -207  -81  728 -136  -46    4  895\n",
      "    18   67  -32  295  393  -32]\n",
      " [-156  388 -215  587  186 -235  838  186  460  661  609  411  551 -123\n",
      "   679  629  448  173  396  852]\n",
      " [ 972  818  355   31 -129  946  741 -142  710  346  346  251  792  784\n",
      "   150  617  309  958  333 -149]\n",
      " [ 646  449  165 -223  550  833  939 1012    8  -48  493  736  351  198\n",
      "   899  369  476  111  334  308]\n",
      " [  20  842  484  557  -40  -85  -50  820  159  353  187  195  517  943\n",
      "   911 -108  579  748  183  607]]\n",
      "after sorting\n",
      "[[-221 -182 -107  -69   39  221  287  368  397  502  574  582  608  648\n",
      "   747  764  804  820  854 1011]\n",
      " [-212   -6   46  124  149  196  260  262  282  315  382  410  442  447\n",
      "   449  463  550  656  733  794]\n",
      " [-249 -207 -136  -81  -46  -32  -32  -25    4   18   67  295  393  454\n",
      "   515  719  728  769  816  895]\n",
      " [-235 -215 -156 -123  173  186  186  388  396  411  448  460  551  587\n",
      "   609  629  661  679  838  852]\n",
      " [-149 -142 -129   31  150  251  309  333  346  346  355  617  710  741\n",
      "   784  792  818  946  958  972]\n",
      " [-223  -48    8  111  165  198  308  334  351  369  449  476  493  550\n",
      "   646  736  833  899  939 1012]\n",
      " [-108  -85  -50  -40   20  159  183  187  195  353  484  517  557  579\n",
      "   607  748  820  842  911  943]]\n"
     ]
    }
   ],
   "source": [
    "#быстрая\n",
    "\n",
    "mat = mat_gen()\n",
    "print('before sorting')\n",
    "print(mat)\n",
    "\n",
    "def quick(mat):\n",
    "    def quicksort(a):\n",
    "        l_a = len(a)\n",
    "        if len(np.unique(a)) > 1:\n",
    "            root = a[np.random.randint(0, l_a)]\n",
    "            b = np.ones(len(a))\n",
    "            for i in range(len(a)):\n",
    "                if a[i] < root:\n",
    "                    b[i] = -1\n",
    "                elif a[i] == root:\n",
    "                    b[i] == 0\n",
    "            c_l = []\n",
    "            c_e = []\n",
    "            c_g = []\n",
    "            for i in range(len(a)):\n",
    "                if not b[i]:\n",
    "                    c_e.append(a[i])\n",
    "                elif b[i] == 1:\n",
    "                    c_g.append(a[i])\n",
    "                else:\n",
    "                    c_l.append(a[i])\n",
    "            c_1 = np.array(c_l)\n",
    "            c_2 = np.array(c_e)\n",
    "            c_3 = np.array(c_g)\n",
    "            return np.concatenate((quicksort(c_1),  quicksort(c_2), quicksort(c_3)))\n",
    "        else:\n",
    "            return(a)\n",
    "\n",
    "\n",
    "    for i in range(np.ma.size(mat, 0)):\n",
    "        mat[i, :] = quicksort(mat[i, :])\n",
    "\n",
    "\n",
    "print('after sorting')\n",
    "quick(mat)\n",
    "print(mat)\n",
    "\n"
   ]
  },
  {
   "cell_type": "code",
   "execution_count": 15,
   "metadata": {},
   "outputs": [
    {
     "name": "stdout",
     "output_type": "stream",
     "text": [
      "import height or blank\n",
      "\n",
      "import lenght or blank\n",
      "\n",
      "import min value or blank\n",
      "\n",
      "import max value or blank\n",
      "\n",
      "before sorting\n",
      "[[ 330  615  538   48  117  -57  431  638  771  673  874  -80 -155    4\n",
      "   472  256  233  855  408 -183]\n",
      " [ 925 -231  255   77  442  873  277  625   22  537  492  174 -210  700\n",
      "    -7  853  941  132  851 -221]\n",
      " [ 631   71  662 -123  693  768  257  940  349  774 -171 -119  395 -198\n",
      "   311 -133  923  229  324  -35]\n",
      " [ 796  377  257  515  445  382  446  232  493   44  424  271  182   23\n",
      "   644 -153  907  233  922  301]\n",
      " [ 432  295  380   53   39 -107  556 -106 -166  177   72  125  689  821\n",
      "   155  987  441   39  983 -250]\n",
      " [-140   15  441  244  -84  760  218  445  -58 -115  224  936  787 -170\n",
      "   286  458 -228  342  249  423]\n",
      " [ 288  868  626  107  529   30 -172  178  634  208  720  614 -107  488\n",
      "   395  471  224   81 -181 -217]]\n",
      "after sorting\n",
      "[[-183 -155  -80  -57    4   48  117  233  256  330  408  431  472  538\n",
      "   615  638  673  771  855  874]\n",
      " [-231 -221 -210   -7   22   77  132  174  255  277  442  492  537  625\n",
      "   700  851  853  873  925  941]\n",
      " [-198 -171 -133 -123 -119  -35   71  229  257  311  324  349  395  631\n",
      "   662  693  768  774  923  940]\n",
      " [-153   23   44  182  232  233  257  271  301  377  382  424  445  446\n",
      "   493  515  644  796  907  922]\n",
      " [-250 -166 -107 -106   39   39   53   72  125  155  177  295  380  432\n",
      "   441  556  689  821  983  987]\n",
      " [-228 -170 -140 -115  -84  -58   15  218  224  244  249  286  342  423\n",
      "   441  445  458  760  787  936]\n",
      " [-217 -181 -172 -107   30   81  107  178  208  224  288  395  471  488\n",
      "   529  614  626  634  720  868]]\n"
     ]
    }
   ],
   "source": [
    "#пирамидальная\n",
    "\n",
    "mat = mat_gen()\n",
    "print('before sorting')\n",
    "print(mat)\n",
    "\n",
    "def heapsort(mat):\n",
    "    def heapify(a, lenght, i):\n",
    "        root_index = i\n",
    "        left_index = 2*root_index + 1\n",
    "        right_index = 2*root_index + 2\n",
    "\n",
    "        if left_index < lenght and a[root_index] < a[left_index]:\n",
    "            root_index = left_index\n",
    "\n",
    "        if right_index < lenght and a[root_index] < a[right_index]:\n",
    "            root_index = right_index\n",
    "\n",
    "        if root_index != i:\n",
    "            a[i], a[root_index] = a[root_index], a[i]\n",
    "\n",
    "            heapify(a, lenght, root_index)\n",
    "\n",
    "\n",
    "    def pyrsort(a):\n",
    "        n = len(a)\n",
    "\n",
    "        for i in range(n//2 - 1 , -1, -1):\n",
    "            heapify(a, n, i)\n",
    "\n",
    "        for i in range(n - 1, 0, -1):\n",
    "            a[i], a[0] = a[0], a[i]\n",
    "            heapify(a, i, 0)\n",
    "\n",
    "\n",
    "    for i in range(np.ma.size(mat, 0)):\n",
    "        pyrsort(mat[i, :])\n",
    "\n",
    "print('after sorting')\n",
    "heapsort(mat)\n",
    "print(mat)"
   ]
  },
  {
   "cell_type": "code",
   "execution_count": 18,
   "metadata": {},
   "outputs": [
    {
     "name": "stdout",
     "output_type": "stream",
     "text": [
      "import height or blank\n",
      "\n",
      "import lenght or blank\n",
      "\n",
      "import min value or blank\n",
      "\n",
      "import max value or blank\n",
      "\n"
     ]
    },
    {
     "name": "stderr",
     "output_type": "stream",
     "text": [
      "C:\\Users\\lulxd\\Anaconda3\\lib\\site-packages\\ipykernel_launcher.py:15: DeprecationWarning: time.clock has been deprecated in Python 3.3 and will be removed from Python 3.8: use time.perf_counter or time.process_time instead\n",
      "  from ipykernel import kernelapp as app\n",
      "C:\\Users\\lulxd\\Anaconda3\\lib\\site-packages\\ipykernel_launcher.py:17: DeprecationWarning: time.clock has been deprecated in Python 3.3 and will be removed from Python 3.8: use time.perf_counter or time.process_time instead\n",
      "C:\\Users\\lulxd\\Anaconda3\\lib\\site-packages\\ipykernel_launcher.py:20: DeprecationWarning: time.clock has been deprecated in Python 3.3 and will be removed from Python 3.8: use time.perf_counter or time.process_time instead\n",
      "C:\\Users\\lulxd\\Anaconda3\\lib\\site-packages\\ipykernel_launcher.py:22: DeprecationWarning: time.clock has been deprecated in Python 3.3 and will be removed from Python 3.8: use time.perf_counter or time.process_time instead\n",
      "C:\\Users\\lulxd\\Anaconda3\\lib\\site-packages\\ipykernel_launcher.py:25: DeprecationWarning: time.clock has been deprecated in Python 3.3 and will be removed from Python 3.8: use time.perf_counter or time.process_time instead\n",
      "C:\\Users\\lulxd\\Anaconda3\\lib\\site-packages\\ipykernel_launcher.py:27: DeprecationWarning: time.clock has been deprecated in Python 3.3 and will be removed from Python 3.8: use time.perf_counter or time.process_time instead\n",
      "C:\\Users\\lulxd\\Anaconda3\\lib\\site-packages\\ipykernel_launcher.py:30: DeprecationWarning: time.clock has been deprecated in Python 3.3 and will be removed from Python 3.8: use time.perf_counter or time.process_time instead\n",
      "C:\\Users\\lulxd\\Anaconda3\\lib\\site-packages\\ipykernel_launcher.py:32: DeprecationWarning: time.clock has been deprecated in Python 3.3 and will be removed from Python 3.8: use time.perf_counter or time.process_time instead\n",
      "C:\\Users\\lulxd\\Anaconda3\\lib\\site-packages\\ipykernel_launcher.py:35: DeprecationWarning: time.clock has been deprecated in Python 3.3 and will be removed from Python 3.8: use time.perf_counter or time.process_time instead\n"
     ]
    },
    {
     "name": "stdout",
     "output_type": "stream",
     "text": [
      "Time vblbor:  0.04717810000056488\n",
      "Time vstavka:  0.0026066999998874962\n",
      "Time obmen:  0.002640100000462553\n",
      "Time schelle:  0.009167199999865261\n",
      "Time quicksort:  0.38124359999983426\n",
      "Time heapsort:  0.03433200000017678\n"
     ]
    },
    {
     "name": "stderr",
     "output_type": "stream",
     "text": [
      "C:\\Users\\lulxd\\Anaconda3\\lib\\site-packages\\ipykernel_launcher.py:37: DeprecationWarning: time.clock has been deprecated in Python 3.3 and will be removed from Python 3.8: use time.perf_counter or time.process_time instead\n",
      "C:\\Users\\lulxd\\Anaconda3\\lib\\site-packages\\ipykernel_launcher.py:40: DeprecationWarning: time.clock has been deprecated in Python 3.3 and will be removed from Python 3.8: use time.perf_counter or time.process_time instead\n",
      "C:\\Users\\lulxd\\Anaconda3\\lib\\site-packages\\ipykernel_launcher.py:42: DeprecationWarning: time.clock has been deprecated in Python 3.3 and will be removed from Python 3.8: use time.perf_counter or time.process_time instead\n"
     ]
    }
   ],
   "source": [
    "#у меня так и не олучилось реализовать сортировку турниром\n",
    "\n",
    "import numpy as np\n",
    "import time as ti\n",
    "\n",
    "mat = mat_gen()\n",
    "\n",
    "mat1 = mat\n",
    "mat2 = mat\n",
    "mat3 = mat\n",
    "mat4 = mat\n",
    "mat5 = mat\n",
    "mat6 = mat\n",
    "\n",
    "t0= ti.clock()\n",
    "vblbor(mat1)\n",
    "t1 = ti.clock() - t0\n",
    "print(\"Time vblbor: \", t1)\n",
    "\n",
    "t0= ti.clock()\n",
    "vstavka(mat2)\n",
    "t1 = ti.clock() - t0\n",
    "print(\"Time vstavka: \", t1)\n",
    "\n",
    "t0= ti.clock()\n",
    "obmen(mat3)\n",
    "t1 = ti.clock() - t0\n",
    "print(\"Time obmen: \", t1)\n",
    "\n",
    "t0= ti.clock()\n",
    "schell(mat4)\n",
    "t1 = ti.clock() - t0\n",
    "print(\"Time schelle: \", t1)\n",
    "\n",
    "t0= ti.clock()\n",
    "quick(mat5)\n",
    "t1 = ti.clock() - t0\n",
    "print(\"Time quicksort: \", t1)\n",
    "\n",
    "t0= ti.clock()\n",
    "heapsort(mat6)\n",
    "t1 = ti.clock() - t0\n",
    "print(\"Time heapsort: \", t1)"
   ]
  },
  {
   "cell_type": "code",
   "execution_count": null,
   "metadata": {},
   "outputs": [],
   "source": []
  }
 ],
 "metadata": {
  "kernelspec": {
   "display_name": "Python 3",
   "language": "python",
   "name": "python3"
  },
  "language_info": {
   "codemirror_mode": {
    "name": "ipython",
    "version": 3
   },
   "file_extension": ".py",
   "mimetype": "text/x-python",
   "name": "python",
   "nbconvert_exporter": "python",
   "pygments_lexer": "ipython3",
   "version": "3.7.3"
  }
 },
 "nbformat": 4,
 "nbformat_minor": 2
}
